Document 1:
the: 0.37123085183927723
speed: 0.18561542591963862
of: 0.5568462777589158
light: 0.13206690429297635
is: 0.18561542591963862
constant: 0.18561542591963862
for: 0.13206690429297635
all: 0.18561542591963862
observers: 0.18561542591963862
regardless: 0.18561542591963862
their: 0.13206690429297635
relative: 0.18561542591963862
motion: 0.18561542591963862
concept: 0.18561542591963862
central: 0.18561542591963862
to: 0.13206690429297635
einstein: 0.18561542591963862
theory: 0.18561542591963862
special: 0.18561542591963862
relativity: 0.18561542591963862


Document 2:
light: 0.14827923600373533
for: 0.14827923600373533
their: 0.14827923600373533
to: 0.14827923600373533
black: 0.20840129246018588
holes: 0.20840129246018588
can: 0.20840129246018588
evaporate: 0.20840129246018588
through: 0.20840129246018588
process: 0.20840129246018588
called: 0.20840129246018588
hawking: 0.20840129246018588
radiation: 0.20840129246018588
even: 0.20840129246018588
though: 0.20840129246018588
they: 0.20840129246018588
are: 0.20840129246018588
known: 0.20840129246018588
intense: 0.20840129246018588
gravity: 0.20840129246018588
and: 0.20840129246018588
ability: 0.20840129246018588
trap: 0.20840129246018588
everything: 0.20840129246018588
including: 0.20840129246018588

